1 2 3 4 5 0
-1 -2 0
-1 -3 0
-1 -4 0
-1 -5 0
-2 -3 0
-2 -4 0
-2 -5 0
-3 -4 0
-3 -5 0
-4 -5 0
6 7 8 9 10 0
-6 -7 0
-6 -8 0
-6 -9 0
-6 -10 0
-7 -8 0
-7 -9 0
-7 -10 0
-8 -9 0
-8 -10 0
-9 -10 0
11 12 13 14 15 0
-11 -12 0
-11 -13 0
-11 -14 0
-11 -15 0
-12 -13 0
-12 -14 0
-12 -15 0
-13 -14 0
-13 -15 0
-14 -15 0
16 17 18 19 20 0
-16 -17 0
-16 -18 0
-16 -19 0
-16 -20 0
-17 -18 0
-17 -19 0
-17 -20 0
-18 -19 0
-18 -20 0
-19 -20 0
21 22 23 24 25 0
-21 -22 0
-21 -23 0
-21 -24 0
-21 -25 0
-22 -23 0
-22 -24 0
-22 -25 0
-23 -24 0
-23 -25 0
-24 -25 0
26 27 28 29 30 0
-26 -27 0
-26 -28 0
-26 -29 0
-26 -30 0
-27 -28 0
-27 -29 0
-27 -30 0
-28 -29 0
-28 -30 0
-29 -30 0
31 32 33 34 35 0
-31 -32 0
-31 -33 0
-31 -34 0
-31 -35 0
-32 -33 0
-32 -34 0
-32 -35 0
-33 -34 0
-33 -35 0
-34 -35 0
36 37 38 39 40 0
-36 -37 0
-36 -38 0
-36 -39 0
-36 -40 0
-37 -38 0
-37 -39 0
-37 -40 0
-38 -39 0
-38 -40 0
-39 -40 0
41 42 43 44 45 0
-41 -42 0
-41 -43 0
-41 -44 0
-41 -45 0
-42 -43 0
-42 -44 0
-42 -45 0
-43 -44 0
-43 -45 0
-44 -45 0
46 47 48 49 50 0
-46 -47 0
-46 -48 0
-46 -49 0
-46 -50 0
-47 -48 0
-47 -49 0
-47 -50 0
-48 -49 0
-48 -50 0
-49 -50 0
51 52 53 54 55 0
-51 -52 0
-51 -53 0
-51 -54 0
-51 -55 0
-52 -53 0
-52 -54 0
-52 -55 0
-53 -54 0
-53 -55 0
-54 -55 0
56 57 58 59 60 0
-56 -57 0
-56 -58 0
-56 -59 0
-56 -60 0
-57 -58 0
-57 -59 0
-57 -60 0
-58 -59 0
-58 -60 0
-59 -60 0
61 62 63 64 65 0
-61 -62 0
-61 -63 0
-61 -64 0
-61 -65 0
-62 -63 0
-62 -64 0
-62 -65 0
-63 -64 0
-63 -65 0
-64 -65 0
66 67 68 69 70 0
-66 -67 0
-66 -68 0
-66 -69 0
-66 -70 0
-67 -68 0
-67 -69 0
-67 -70 0
-68 -69 0
-68 -70 0
-69 -70 0
71 72 73 74 75 0
-71 -72 0
-71 -73 0
-71 -74 0
-71 -75 0
-72 -73 0
-72 -74 0
-72 -75 0
-73 -74 0
-73 -75 0
-74 -75 0
76 77 78 79 80 0
-76 -77 0
-76 -78 0
-76 -79 0
-76 -80 0
-77 -78 0
-77 -79 0
-77 -80 0
-78 -79 0
-78 -80 0
-79 -80 0
81 82 83 84 85 0
-81 -82 0
-81 -83 0
-81 -84 0
-81 -85 0
-82 -83 0
-82 -84 0
-82 -85 0
-83 -84 0
-83 -85 0
-84 -85 0
86 87 88 89 90 0
-86 -87 0
-86 -88 0
-86 -89 0
-86 -90 0
-87 -88 0
-87 -89 0
-87 -90 0
-88 -89 0
-88 -90 0
-89 -90 0
91 92 93 94 95 0
-91 -92 0
-91 -93 0
-91 -94 0
-91 -95 0
-92 -93 0
-92 -94 0
-92 -95 0
-93 -94 0
-93 -95 0
-94 -95 0
96 97 98 99 100 0
-96 -97 0
-96 -98 0
-96 -99 0
-96 -100 0
-97 -98 0
-97 -99 0
-97 -100 0
-98 -99 0
-98 -100 0
-99 -100 0
101 102 103 104 105 0
-101 -102 0
-101 -103 0
-101 -104 0
-101 -105 0
-102 -103 0
-102 -104 0
-102 -105 0
-103 -104 0
-103 -105 0
-104 -105 0
106 107 108 109 110 0
-106 -107 0
-106 -108 0
-106 -109 0
-106 -110 0
-107 -108 0
-107 -109 0
-107 -110 0
-108 -109 0
-108 -110 0
-109 -110 0
111 112 113 114 115 0
-111 -112 0
-111 -113 0
-111 -114 0
-111 -115 0
-112 -113 0
-112 -114 0
-112 -115 0
-113 -114 0
-113 -115 0
-114 -115 0
116 117 118 119 120 0
-116 -117 0
-116 -118 0
-116 -119 0
-116 -120 0
-117 -118 0
-117 -119 0
-117 -120 0
-118 -119 0
-118 -120 0
-119 -120 0
121 122 123 124 125 0
-121 -122 0
-121 -123 0
-121 -124 0
-121 -125 0
-122 -123 0
-122 -124 0
-122 -125 0
-123 -124 0
-123 -125 0
-124 -125 0
126 127 128 129 130 0
-126 -127 0
-126 -128 0
-126 -129 0
-126 -130 0
-127 -128 0
-127 -129 0
-127 -130 0
-128 -129 0
-128 -130 0
-129 -130 0
131 132 133 134 135 0
-131 -132 0
-131 -133 0
-131 -134 0
-131 -135 0
-132 -133 0
-132 -134 0
-132 -135 0
-133 -134 0
-133 -135 0
-134 -135 0
136 137 138 139 140 0
-136 -137 0
-136 -138 0
-136 -139 0
-136 -140 0
-137 -138 0
-137 -139 0
-137 -140 0
-138 -139 0
-138 -140 0
-139 -140 0
141 142 143 144 145 0
-141 -142 0
-141 -143 0
-141 -144 0
-141 -145 0
-142 -143 0
-142 -144 0
-142 -145 0
-143 -144 0
-143 -145 0
-144 -145 0
146 147 148 149 150 0
-146 -147 0
-146 -148 0
-146 -149 0
-146 -150 0
-147 -148 0
-147 -149 0
-147 -150 0
-148 -149 0
-148 -150 0
-149 -150 0
151 152 153 154 155 0
-151 -152 0
-151 -153 0
-151 -154 0
-151 -155 0
-152 -153 0
-152 -154 0
-152 -155 0
-153 -154 0
-153 -155 0
-154 -155 0
156 157 158 159 160 0
-156 -157 0
-156 -158 0
-156 -159 0
-156 -160 0
-157 -158 0
-157 -159 0
-157 -160 0
-158 -159 0
-158 -160 0
-159 -160 0
161 162 163 164 165 0
-161 -162 0
-161 -163 0
-161 -164 0
-161 -165 0
-162 -163 0
-162 -164 0
-162 -165 0
-163 -164 0
-163 -165 0
-164 -165 0
166 167 168 169 170 0
-166 -167 0
-166 -168 0
-166 -169 0
-166 -170 0
-167 -168 0
-167 -169 0
-167 -170 0
-168 -169 0
-168 -170 0
-169 -170 0
171 172 173 174 175 0
-171 -172 0
-171 -173 0
-171 -174 0
-171 -175 0
-172 -173 0
-172 -174 0
-172 -175 0
-173 -174 0
-173 -175 0
-174 -175 0
1 36 71 106 141 0
-1 -36 0
-1 -71 0
-1 -106 0
-1 -141 0
-36 -71 0
-36 -106 0
-36 -141 0
-71 -106 0
-71 -141 0
-106 -141 0
6 41 76 111 146 0
-6 -41 0
-6 -76 0
-6 -111 0
-6 -146 0
-41 -76 0
-41 -111 0
-41 -146 0
-76 -111 0
-76 -146 0
-111 -146 0
11 46 81 116 151 0
-11 -46 0
-11 -81 0
-11 -116 0
-11 -151 0
-46 -81 0
-46 -116 0
-46 -151 0
-81 -116 0
-81 -151 0
-116 -151 0
16 51 86 121 156 0
-16 -51 0
-16 -86 0
-16 -121 0
-16 -156 0
-51 -86 0
-51 -121 0
-51 -156 0
-86 -121 0
-86 -156 0
-121 -156 0
21 56 91 126 161 0
-21 -56 0
-21 -91 0
-21 -126 0
-21 -161 0
-56 -91 0
-56 -126 0
-56 -161 0
-91 -126 0
-91 -161 0
-126 -161 0
26 61 96 131 166 0
-26 -61 0
-26 -96 0
-26 -131 0
-26 -166 0
-61 -96 0
-61 -131 0
-61 -166 0
-96 -131 0
-96 -166 0
-131 -166 0
31 66 101 136 171 0
-31 -66 0
-31 -101 0
-31 -136 0
-31 -171 0
-66 -101 0
-66 -136 0
-66 -171 0
-101 -136 0
-101 -171 0
-136 -171 0
2 37 72 107 142 0
-2 -37 0
-2 -72 0
-2 -107 0
-2 -142 0
-37 -72 0
-37 -107 0
-37 -142 0
-72 -107 0
-72 -142 0
-107 -142 0
7 42 77 112 147 0
-7 -42 0
-7 -77 0
-7 -112 0
-7 -147 0
-42 -77 0
-42 -112 0
-42 -147 0
-77 -112 0
-77 -147 0
-112 -147 0
12 47 82 117 152 0
-12 -47 0
-12 -82 0
-12 -117 0
-12 -152 0
-47 -82 0
-47 -117 0
-47 -152 0
-82 -117 0
-82 -152 0
-117 -152 0
17 52 87 122 157 0
-17 -52 0
-17 -87 0
-17 -122 0
-17 -157 0
-52 -87 0
-52 -122 0
-52 -157 0
-87 -122 0
-87 -157 0
-122 -157 0
22 57 92 127 162 0
-22 -57 0
-22 -92 0
-22 -127 0
-22 -162 0
-57 -92 0
-57 -127 0
-57 -162 0
-92 -127 0
-92 -162 0
-127 -162 0
27 62 97 132 167 0
-27 -62 0
-27 -97 0
-27 -132 0
-27 -167 0
-62 -97 0
-62 -132 0
-62 -167 0
-97 -132 0
-97 -167 0
-132 -167 0
32 67 102 137 172 0
-32 -67 0
-32 -102 0
-32 -137 0
-32 -172 0
-67 -102 0
-67 -137 0
-67 -172 0
-102 -137 0
-102 -172 0
-137 -172 0
3 38 73 108 143 0
-3 -38 0
-3 -73 0
-3 -108 0
-3 -143 0
-38 -73 0
-38 -108 0
-38 -143 0
-73 -108 0
-73 -143 0
-108 -143 0
8 43 78 113 148 0
-8 -43 0
-8 -78 0
-8 -113 0
-8 -148 0
-43 -78 0
-43 -113 0
-43 -148 0
-78 -113 0
-78 -148 0
-113 -148 0
13 48 83 118 153 0
-13 -48 0
-13 -83 0
-13 -118 0
-13 -153 0
-48 -83 0
-48 -118 0
-48 -153 0
-83 -118 0
-83 -153 0
-118 -153 0
18 53 88 123 158 0
-18 -53 0
-18 -88 0
-18 -123 0
-18 -158 0
-53 -88 0
-53 -123 0
-53 -158 0
-88 -123 0
-88 -158 0
-123 -158 0
23 58 93 128 163 0
-23 -58 0
-23 -93 0
-23 -128 0
-23 -163 0
-58 -93 0
-58 -128 0
-58 -163 0
-93 -128 0
-93 -163 0
-128 -163 0
28 63 98 133 168 0
-28 -63 0
-28 -98 0
-28 -133 0
-28 -168 0
-63 -98 0
-63 -133 0
-63 -168 0
-98 -133 0
-98 -168 0
-133 -168 0
33 68 103 138 173 0
-33 -68 0
-33 -103 0
-33 -138 0
-33 -173 0
-68 -103 0
-68 -138 0
-68 -173 0
-103 -138 0
-103 -173 0
-138 -173 0
4 39 74 109 144 0
-4 -39 0
-4 -74 0
-4 -109 0
-4 -144 0
-39 -74 0
-39 -109 0
-39 -144 0
-74 -109 0
-74 -144 0
-109 -144 0
9 44 79 114 149 0
-9 -44 0
-9 -79 0
-9 -114 0
-9 -149 0
-44 -79 0
-44 -114 0
-44 -149 0
-79 -114 0
-79 -149 0
-114 -149 0
14 49 84 119 154 0
-14 -49 0
-14 -84 0
-14 -119 0
-14 -154 0
-49 -84 0
-49 -119 0
-49 -154 0
-84 -119 0
-84 -154 0
-119 -154 0
19 54 89 124 159 0
-19 -54 0
-19 -89 0
-19 -124 0
-19 -159 0
-54 -89 0
-54 -124 0
-54 -159 0
-89 -124 0
-89 -159 0
-124 -159 0
24 59 94 129 164 0
-24 -59 0
-24 -94 0
-24 -129 0
-24 -164 0
-59 -94 0
-59 -129 0
-59 -164 0
-94 -129 0
-94 -164 0
-129 -164 0
29 64 99 134 169 0
-29 -64 0
-29 -99 0
-29 -134 0
-29 -169 0
-64 -99 0
-64 -134 0
-64 -169 0
-99 -134 0
-99 -169 0
-134 -169 0
34 69 104 139 174 0
-34 -69 0
-34 -104 0
-34 -139 0
-34 -174 0
-69 -104 0
-69 -139 0
-69 -174 0
-104 -139 0
-104 -174 0
-139 -174 0
5 40 75 110 145 0
-5 -40 0
-5 -75 0
-5 -110 0
-5 -145 0
-40 -75 0
-40 -110 0
-40 -145 0
-75 -110 0
-75 -145 0
-110 -145 0
10 45 80 115 150 0
-10 -45 0
-10 -80 0
-10 -115 0
-10 -150 0
-45 -80 0
-45 -115 0
-45 -150 0
-80 -115 0
-80 -150 0
-115 -150 0
15 50 85 120 155 0
-15 -50 0
-15 -85 0
-15 -120 0
-15 -155 0
-50 -85 0
-50 -120 0
-50 -155 0
-85 -120 0
-85 -155 0
-120 -155 0
20 55 90 125 160 0
-20 -55 0
-20 -90 0
-20 -125 0
-20 -160 0
-55 -90 0
-55 -125 0
-55 -160 0
-90 -125 0
-90 -160 0
-125 -160 0
25 60 95 130 165 0
-25 -60 0
-25 -95 0
-25 -130 0
-25 -165 0
-60 -95 0
-60 -130 0
-60 -165 0
-95 -130 0
-95 -165 0
-130 -165 0
30 65 100 135 170 0
-30 -65 0
-30 -100 0
-30 -135 0
-30 -170 0
-65 -100 0
-65 -135 0
-65 -170 0
-100 -135 0
-100 -170 0
-135 -170 0
35 70 105 140 175 0
-35 -70 0
-35 -105 0
-35 -140 0
-35 -175 0
-70 -105 0
-70 -140 0
-70 -175 0
-105 -140 0
-105 -175 0
-140 -175 0
-1 -6 0
-36 -41 0
-71 -76 0
-106 -111 0
-141 -146 0
-6 -11 0
-41 -46 0
-76 -81 0
-111 -116 0
-146 -151 0
-11 -16 0
-46 -51 0
-81 -86 0
-116 -121 0
-151 -156 0
-16 -21 0
-51 -56 0
-86 -91 0
-121 -126 0
-156 -161 0
-21 -26 0
-56 -61 0
-91 -96 0
-126 -131 0
-161 -166 0
-26 -31 0
-61 -66 0
-96 -101 0
-131 -136 0
-166 -171 0
-2 -7 0
-37 -42 0
-72 -77 0
-107 -112 0
-142 -147 0
-7 -12 0
-42 -47 0
-77 -82 0
-112 -117 0
-147 -152 0
-12 -17 0
-47 -52 0
-82 -87 0
-117 -122 0
-152 -157 0
-17 -22 0
-52 -57 0
-87 -92 0
-122 -127 0
-157 -162 0
-22 -27 0
-57 -62 0
-92 -97 0
-127 -132 0
-162 -167 0
-27 -32 0
-62 -67 0
-97 -102 0
-132 -137 0
-167 -172 0
-3 -8 0
-38 -43 0
-73 -78 0
-108 -113 0
-143 -148 0
-8 -13 0
-43 -48 0
-78 -83 0
-113 -118 0
-148 -153 0
-13 -18 0
-48 -53 0
-83 -88 0
-118 -123 0
-153 -158 0
-18 -23 0
-53 -58 0
-88 -93 0
-123 -128 0
-158 -163 0
-23 -28 0
-58 -63 0
-93 -98 0
-128 -133 0
-163 -168 0
-28 -33 0
-63 -68 0
-98 -103 0
-133 -138 0
-168 -173 0
-4 -9 0
-39 -44 0
-74 -79 0
-109 -114 0
-144 -149 0
-9 -14 0
-44 -49 0
-79 -84 0
-114 -119 0
-149 -154 0
-14 -19 0
-49 -54 0
-84 -89 0
-119 -124 0
-154 -159 0
-19 -24 0
-54 -59 0
-89 -94 0
-124 -129 0
-159 -164 0
-24 -29 0
-59 -64 0
-94 -99 0
-129 -134 0
-164 -169 0
-29 -34 0
-64 -69 0
-99 -104 0
-134 -139 0
-169 -174 0
-5 -10 0
-40 -45 0
-75 -80 0
-110 -115 0
-145 -150 0
-10 -15 0
-45 -50 0
-80 -85 0
-115 -120 0
-150 -155 0
-15 -20 0
-50 -55 0
-85 -90 0
-120 -125 0
-155 -160 0
-20 -25 0
-55 -60 0
-90 -95 0
-125 -130 0
-160 -165 0
-25 -30 0
-60 -65 0
-95 -100 0
-130 -135 0
-165 -170 0
-30 -35 0
-65 -70 0
-100 -105 0
-135 -140 0
-170 -175 0
-1 -41 176 0
-6 -46 177 0
-11 -51 178 0
-16 -56 179 0
-21 -61 180 0
-26 -66 181 0
-1 -76 182 0
-6 -81 183 0
-11 -86 184 0
-16 -91 185 0
-21 -96 186 0
-26 -101 187 0
-1 -111 188 0
-6 -116 189 0
-11 -121 190 0
-16 -126 191 0
-21 -131 192 0
-26 -136 193 0
-1 -146 194 0
-6 -151 195 0
-11 -156 196 0
-16 -161 197 0
-21 -166 198 0
-26 -171 199 0
-36 -6 200 0
-41 -11 201 0
-46 -16 202 0
-51 -21 203 0
-56 -26 204 0
-61 -31 205 0
-36 -76 206 0
-41 -81 207 0
-46 -86 208 0
-51 -91 209 0
-56 -96 210 0
-61 -101 211 0
-36 -111 212 0
-41 -116 213 0
-46 -121 214 0
-51 -126 215 0
-56 -131 216 0
-61 -136 217 0
-36 -146 218 0
-41 -151 219 0
-46 -156 220 0
-51 -161 221 0
-56 -166 222 0
-61 -171 223 0
-71 -6 224 0
-76 -11 225 0
-81 -16 226 0
-86 -21 227 0
-91 -26 228 0
-96 -31 229 0
-71 -41 230 0
-76 -46 231 0
-81 -51 232 0
-86 -56 233 0
-91 -61 234 0
-96 -66 235 0
-71 -111 236 0
-76 -116 237 0
-81 -121 238 0
-86 -126 239 0
-91 -131 240 0
-96 -136 241 0
-71 -146 242 0
-76 -151 243 0
-81 -156 244 0
-86 -161 245 0
-91 -166 246 0
-96 -171 247 0
-106 -6 248 0
-111 -11 249 0
-116 -16 250 0
-121 -21 251 0
-126 -26 252 0
-131 -31 253 0
-106 -41 254 0
-111 -46 255 0
-116 -51 256 0
-121 -56 257 0
-126 -61 258 0
-131 -66 259 0
-106 -76 260 0
-111 -81 261 0
-116 -86 262 0
-121 -91 263 0
-126 -96 264 0
-131 -101 265 0
-106 -146 266 0
-111 -151 267 0
-116 -156 268 0
-121 -161 269 0
-126 -166 270 0
-131 -171 271 0
-141 -6 272 0
-146 -11 273 0
-151 -16 274 0
-156 -21 275 0
-161 -26 276 0
-166 -31 277 0
-141 -41 278 0
-146 -46 279 0
-151 -51 280 0
-156 -56 281 0
-161 -61 282 0
-166 -66 283 0
-141 -76 284 0
-146 -81 285 0
-151 -86 286 0
-156 -91 287 0
-161 -96 288 0
-166 -101 289 0
-141 -111 290 0
-146 -116 291 0
-151 -121 292 0
-156 -126 293 0
-161 -131 294 0
-166 -136 295 0
-2 -42 296 0
-7 -47 297 0
-12 -52 298 0
-17 -57 299 0
-22 -62 300 0
-27 -67 301 0
-2 -77 302 0
-7 -82 303 0
-12 -87 304 0
-17 -92 305 0
-22 -97 306 0
-27 -102 307 0
-2 -112 308 0
-7 -117 309 0
-12 -122 310 0
-17 -127 311 0
-22 -132 312 0
-27 -137 313 0
-2 -147 314 0
-7 -152 315 0
-12 -157 316 0
-17 -162 317 0
-22 -167 318 0
-27 -172 319 0
-37 -7 320 0
-42 -12 321 0
-47 -17 322 0
-52 -22 323 0
-57 -27 324 0
-62 -32 325 0
-37 -77 326 0
-42 -82 327 0
-47 -87 328 0
-52 -92 329 0
-57 -97 330 0
-62 -102 331 0
-37 -112 332 0
-42 -117 333 0
-47 -122 334 0
-52 -127 335 0
-57 -132 336 0
-62 -137 337 0
-37 -147 338 0
-42 -152 339 0
-47 -157 340 0
-52 -162 341 0
-57 -167 342 0
-62 -172 343 0
-72 -7 344 0
-77 -12 345 0
-82 -17 346 0
-87 -22 347 0
-92 -27 348 0
-97 -32 349 0
-72 -42 350 0
-77 -47 351 0
-82 -52 352 0
-87 -57 353 0
-92 -62 354 0
-97 -67 355 0
-72 -112 356 0
-77 -117 357 0
-82 -122 358 0
-87 -127 359 0
-92 -132 360 0
-97 -137 361 0
-72 -147 362 0
-77 -152 363 0
-82 -157 364 0
-87 -162 365 0
-92 -167 366 0
-97 -172 367 0
-107 -7 368 0
-112 -12 369 0
-117 -17 370 0
-122 -22 371 0
-127 -27 372 0
-132 -32 373 0
-107 -42 374 0
-112 -47 375 0
-117 -52 376 0
-122 -57 377 0
-127 -62 378 0
-132 -67 379 0
-107 -77 380 0
-112 -82 381 0
-117 -87 382 0
-122 -92 383 0
-127 -97 384 0
-132 -102 385 0
-107 -147 386 0
-112 -152 387 0
-117 -157 388 0
-122 -162 389 0
-127 -167 390 0
-132 -172 391 0
-142 -7 392 0
-147 -12 393 0
-152 -17 394 0
-157 -22 395 0
-162 -27 396 0
-167 -32 397 0
-142 -42 398 0
-147 -47 399 0
-152 -52 400 0
-157 -57 401 0
-162 -62 402 0
-167 -67 403 0
-142 -77 404 0
-147 -82 405 0
-152 -87 406 0
-157 -92 407 0
-162 -97 408 0
-167 -102 409 0
-142 -112 410 0
-147 -117 411 0
-152 -122 412 0
-157 -127 413 0
-162 -132 414 0
-167 -137 415 0
-3 -43 416 0
-8 -48 417 0
-13 -53 418 0
-18 -58 419 0
-23 -63 420 0
-28 -68 421 0
-3 -78 422 0
-8 -83 423 0
-13 -88 424 0
-18 -93 425 0
-23 -98 426 0
-28 -103 427 0
-3 -113 428 0
-8 -118 429 0
-13 -123 430 0
-18 -128 431 0
-23 -133 432 0
-28 -138 433 0
-3 -148 434 0
-8 -153 435 0
-13 -158 436 0
-18 -163 437 0
-23 -168 438 0
-28 -173 439 0
-38 -8 440 0
-43 -13 441 0
-48 -18 442 0
-53 -23 443 0
-58 -28 444 0
-63 -33 445 0
-38 -78 446 0
-43 -83 447 0
-48 -88 448 0
-53 -93 449 0
-58 -98 450 0
-63 -103 451 0
-38 -113 452 0
-43 -118 453 0
-48 -123 454 0
-53 -128 455 0
-58 -133 456 0
-63 -138 457 0
-38 -148 458 0
-43 -153 459 0
-48 -158 460 0
-53 -163 461 0
-58 -168 462 0
-63 -173 463 0
-73 -8 464 0
-78 -13 465 0
-83 -18 466 0
-88 -23 467 0
-93 -28 468 0
-98 -33 469 0
-73 -43 470 0
-78 -48 471 0
-83 -53 472 0
-88 -58 473 0
-93 -63 474 0
-98 -68 475 0
-73 -113 476 0
-78 -118 477 0
-83 -123 478 0
-88 -128 479 0
-93 -133 480 0
-98 -138 481 0
-73 -148 482 0
-78 -153 483 0
-83 -158 484 0
-88 -163 485 0
-93 -168 486 0
-98 -173 487 0
-108 -8 488 0
-113 -13 489 0
-118 -18 490 0
-123 -23 491 0
-128 -28 492 0
-133 -33 493 0
-108 -43 494 0
-113 -48 495 0
-118 -53 496 0
-123 -58 497 0
-128 -63 498 0
-133 -68 499 0
-108 -78 500 0
-113 -83 501 0
-118 -88 502 0
-123 -93 503 0
-128 -98 504 0
-133 -103 505 0
-108 -148 506 0
-113 -153 507 0
-118 -158 508 0
-123 -163 509 0
-128 -168 510 0
-133 -173 511 0
-143 -8 512 0
-148 -13 513 0
-153 -18 514 0
-158 -23 515 0
-163 -28 516 0
-168 -33 517 0
-143 -43 518 0
-148 -48 519 0
-153 -53 520 0
-158 -58 521 0
-163 -63 522 0
-168 -68 523 0
-143 -78 524 0
-148 -83 525 0
-153 -88 526 0
-158 -93 527 0
-163 -98 528 0
-168 -103 529 0
-143 -113 530 0
-148 -118 531 0
-153 -123 532 0
-158 -128 533 0
-163 -133 534 0
-168 -138 535 0
-4 -44 536 0
-9 -49 537 0
-14 -54 538 0
-19 -59 539 0
-24 -64 540 0
-29 -69 541 0
-4 -79 542 0
-9 -84 543 0
-14 -89 544 0
-19 -94 545 0
-24 -99 546 0
-29 -104 547 0
-4 -114 548 0
-9 -119 549 0
-14 -124 550 0
-19 -129 551 0
-24 -134 552 0
-29 -139 553 0
-4 -149 554 0
-9 -154 555 0
-14 -159 556 0
-19 -164 557 0
-24 -169 558 0
-29 -174 559 0
-39 -9 560 0
-44 -14 561 0
-49 -19 562 0
-54 -24 563 0
-59 -29 564 0
-64 -34 565 0
-39 -79 566 0
-44 -84 567 0
-49 -89 568 0
-54 -94 569 0
-59 -99 570 0
-64 -104 571 0
-39 -114 572 0
-44 -119 573 0
-49 -124 574 0
-54 -129 575 0
-59 -134 576 0
-64 -139 577 0
-39 -149 578 0
-44 -154 579 0
-49 -159 580 0
-54 -164 581 0
-59 -169 582 0
-64 -174 583 0
-74 -9 584 0
-79 -14 585 0
-84 -19 586 0
-89 -24 587 0
-94 -29 588 0
-99 -34 589 0
-74 -44 590 0
-79 -49 591 0
-84 -54 592 0
-89 -59 593 0
-94 -64 594 0
-99 -69 595 0
-74 -114 596 0
-79 -119 597 0
-84 -124 598 0
-89 -129 599 0
-94 -134 600 0
-99 -139 601 0
-74 -149 602 0
-79 -154 603 0
-84 -159 604 0
-89 -164 605 0
-94 -169 606 0
-99 -174 607 0
-109 -9 608 0
-114 -14 609 0
-119 -19 610 0
-124 -24 611 0
-129 -29 612 0
-134 -34 613 0
-109 -44 614 0
-114 -49 615 0
-119 -54 616 0
-124 -59 617 0
-129 -64 618 0
-134 -69 619 0
-109 -79 620 0
-114 -84 621 0
-119 -89 622 0
-124 -94 623 0
-129 -99 624 0
-134 -104 625 0
-109 -149 626 0
-114 -154 627 0
-119 -159 628 0
-124 -164 629 0
-129 -169 630 0
-134 -174 631 0
-144 -9 632 0
-149 -14 633 0
-154 -19 634 0
-159 -24 635 0
-164 -29 636 0
-169 -34 637 0
-144 -44 638 0
-149 -49 639 0
-154 -54 640 0
-159 -59 641 0
-164 -64 642 0
-169 -69 643 0
-144 -79 644 0
-149 -84 645 0
-154 -89 646 0
-159 -94 647 0
-164 -99 648 0
-169 -104 649 0
-144 -114 650 0
-149 -119 651 0
-154 -124 652 0
-159 -129 653 0
-164 -134 654 0
-169 -139 655 0
-5 -45 656 0
-10 -50 657 0
-15 -55 658 0
-20 -60 659 0
-25 -65 660 0
-30 -70 661 0
-5 -80 662 0
-10 -85 663 0
-15 -90 664 0
-20 -95 665 0
-25 -100 666 0
-30 -105 667 0
-5 -115 668 0
-10 -120 669 0
-15 -125 670 0
-20 -130 671 0
-25 -135 672 0
-30 -140 673 0
-5 -150 674 0
-10 -155 675 0
-15 -160 676 0
-20 -165 677 0
-25 -170 678 0
-30 -175 679 0
-40 -10 680 0
-45 -15 681 0
-50 -20 682 0
-55 -25 683 0
-60 -30 684 0
-65 -35 685 0
-40 -80 686 0
-45 -85 687 0
-50 -90 688 0
-55 -95 689 0
-60 -100 690 0
-65 -105 691 0
-40 -115 692 0
-45 -120 693 0
-50 -125 694 0
-55 -130 695 0
-60 -135 696 0
-65 -140 697 0
-40 -150 698 0
-45 -155 699 0
-50 -160 700 0
-55 -165 701 0
-60 -170 702 0
-65 -175 703 0
-75 -10 704 0
-80 -15 705 0
-85 -20 706 0
-90 -25 707 0
-95 -30 708 0
-100 -35 709 0
-75 -45 710 0
-80 -50 711 0
-85 -55 712 0
-90 -60 713 0
-95 -65 714 0
-100 -70 715 0
-75 -115 716 0
-80 -120 717 0
-85 -125 718 0
-90 -130 719 0
-95 -135 720 0
-100 -140 721 0
-75 -150 722 0
-80 -155 723 0
-85 -160 724 0
-90 -165 725 0
-95 -170 726 0
-100 -175 727 0
-110 -10 728 0
-115 -15 729 0
-120 -20 730 0
-125 -25 731 0
-130 -30 732 0
-135 -35 733 0
-110 -45 734 0
-115 -50 735 0
-120 -55 736 0
-125 -60 737 0
-130 -65 738 0
-135 -70 739 0
-110 -80 740 0
-115 -85 741 0
-120 -90 742 0
-125 -95 743 0
-130 -100 744 0
-135 -105 745 0
-110 -150 746 0
-115 -155 747 0
-120 -160 748 0
-125 -165 749 0
-130 -170 750 0
-135 -175 751 0
-145 -10 752 0
-150 -15 753 0
-155 -20 754 0
-160 -25 755 0
-165 -30 756 0
-170 -35 757 0
-145 -45 758 0
-150 -50 759 0
-155 -55 760 0
-160 -60 761 0
-165 -65 762 0
-170 -70 763 0
-145 -80 764 0
-150 -85 765 0
-155 -90 766 0
-160 -95 767 0
-165 -100 768 0
-170 -105 769 0
-145 -115 770 0
-150 -120 771 0
-155 -125 772 0
-160 -130 773 0
-165 -135 774 0
-170 -140 775 0
-176 1 0
-176 41 0
-177 6 0
-177 46 0
-178 11 0
-178 51 0
-179 16 0
-179 56 0
-180 21 0
-180 61 0
-181 26 0
-181 66 0
-182 1 0
-182 76 0
-183 6 0
-183 81 0
-184 11 0
-184 86 0
-185 16 0
-185 91 0
-186 21 0
-186 96 0
-187 26 0
-187 101 0
-188 1 0
-188 111 0
-189 6 0
-189 116 0
-190 11 0
-190 121 0
-191 16 0
-191 126 0
-192 21 0
-192 131 0
-193 26 0
-193 136 0
-194 1 0
-194 146 0
-195 6 0
-195 151 0
-196 11 0
-196 156 0
-197 16 0
-197 161 0
-198 21 0
-198 166 0
-199 26 0
-199 171 0
-200 36 0
-200 6 0
-201 41 0
-201 11 0
-202 46 0
-202 16 0
-203 51 0
-203 21 0
-204 56 0
-204 26 0
-205 61 0
-205 31 0
-206 36 0
-206 76 0
-207 41 0
-207 81 0
-208 46 0
-208 86 0
-209 51 0
-209 91 0
-210 56 0
-210 96 0
-211 61 0
-211 101 0
-212 36 0
-212 111 0
-213 41 0
-213 116 0
-214 46 0
-214 121 0
-215 51 0
-215 126 0
-216 56 0
-216 131 0
-217 61 0
-217 136 0
-218 36 0
-218 146 0
-219 41 0
-219 151 0
-220 46 0
-220 156 0
-221 51 0
-221 161 0
-222 56 0
-222 166 0
-223 61 0
-223 171 0
-224 71 0
-224 6 0
-225 76 0
-225 11 0
-226 81 0
-226 16 0
-227 86 0
-227 21 0
-228 91 0
-228 26 0
-229 96 0
-229 31 0
-230 71 0
-230 41 0
-231 76 0
-231 46 0
-232 81 0
-232 51 0
-233 86 0
-233 56 0
-234 91 0
-234 61 0
-235 96 0
-235 66 0
-236 71 0
-236 111 0
-237 76 0
-237 116 0
-238 81 0
-238 121 0
-239 86 0
-239 126 0
-240 91 0
-240 131 0
-241 96 0
-241 136 0
-242 71 0
-242 146 0
-243 76 0
-243 151 0
-244 81 0
-244 156 0
-245 86 0
-245 161 0
-246 91 0
-246 166 0
-247 96 0
-247 171 0
-248 106 0
-248 6 0
-249 111 0
-249 11 0
-250 116 0
-250 16 0
-251 121 0
-251 21 0
-252 126 0
-252 26 0
-253 131 0
-253 31 0
-254 106 0
-254 41 0
-255 111 0
-255 46 0
-256 116 0
-256 51 0
-257 121 0
-257 56 0
-258 126 0
-258 61 0
-259 131 0
-259 66 0
-260 106 0
-260 76 0
-261 111 0
-261 81 0
-262 116 0
-262 86 0
-263 121 0
-263 91 0
-264 126 0
-264 96 0
-265 131 0
-265 101 0
-266 106 0
-266 146 0
-267 111 0
-267 151 0
-268 116 0
-268 156 0
-269 121 0
-269 161 0
-270 126 0
-270 166 0
-271 131 0
-271 171 0
-272 141 0
-272 6 0
-273 146 0
-273 11 0
-274 151 0
-274 16 0
-275 156 0
-275 21 0
-276 161 0
-276 26 0
-277 166 0
-277 31 0
-278 141 0
-278 41 0
-279 146 0
-279 46 0
-280 151 0
-280 51 0
-281 156 0
-281 56 0
-282 161 0
-282 61 0
-283 166 0
-283 66 0
-284 141 0
-284 76 0
-285 146 0
-285 81 0
-286 151 0
-286 86 0
-287 156 0
-287 91 0
-288 161 0
-288 96 0
-289 166 0
-289 101 0
-290 141 0
-290 111 0
-291 146 0
-291 116 0
-292 151 0
-292 121 0
-293 156 0
-293 126 0
-294 161 0
-294 131 0
-295 166 0
-295 136 0
-296 2 0
-296 42 0
-297 7 0
-297 47 0
-298 12 0
-298 52 0
-299 17 0
-299 57 0
-300 22 0
-300 62 0
-301 27 0
-301 67 0
-302 2 0
-302 77 0
-303 7 0
-303 82 0
-304 12 0
-304 87 0
-305 17 0
-305 92 0
-306 22 0
-306 97 0
-307 27 0
-307 102 0
-308 2 0
-308 112 0
-309 7 0
-309 117 0
-310 12 0
-310 122 0
-311 17 0
-311 127 0
-312 22 0
-312 132 0
-313 27 0
-313 137 0
-314 2 0
-314 147 0
-315 7 0
-315 152 0
-316 12 0
-316 157 0
-317 17 0
-317 162 0
-318 22 0
-318 167 0
-319 27 0
-319 172 0
-320 37 0
-320 7 0
-321 42 0
-321 12 0
-322 47 0
-322 17 0
-323 52 0
-323 22 0
-324 57 0
-324 27 0
-325 62 0
-325 32 0
-326 37 0
-326 77 0
-327 42 0
-327 82 0
-328 47 0
-328 87 0
-329 52 0
-329 92 0
-330 57 0
-330 97 0
-331 62 0
-331 102 0
-332 37 0
-332 112 0
-333 42 0
-333 117 0
-334 47 0
-334 122 0
-335 52 0
-335 127 0
-336 57 0
-336 132 0
-337 62 0
-337 137 0
-338 37 0
-338 147 0
-339 42 0
-339 152 0
-340 47 0
-340 157 0
-341 52 0
-341 162 0
-342 57 0
-342 167 0
-343 62 0
-343 172 0
-344 72 0
-344 7 0
-345 77 0
-345 12 0
-346 82 0
-346 17 0
-347 87 0
-347 22 0
-348 92 0
-348 27 0
-349 97 0
-349 32 0
-350 72 0
-350 42 0
-351 77 0
-351 47 0
-352 82 0
-352 52 0
-353 87 0
-353 57 0
-354 92 0
-354 62 0
-355 97 0
-355 67 0
-356 72 0
-356 112 0
-357 77 0
-357 117 0
-358 82 0
-358 122 0
-359 87 0
-359 127 0
-360 92 0
-360 132 0
-361 97 0
-361 137 0
-362 72 0
-362 147 0
-363 77 0
-363 152 0
-364 82 0
-364 157 0
-365 87 0
-365 162 0
-366 92 0
-366 167 0
-367 97 0
-367 172 0
-368 107 0
-368 7 0
-369 112 0
-369 12 0
-370 117 0
-370 17 0
-371 122 0
-371 22 0
-372 127 0
-372 27 0
-373 132 0
-373 32 0
-374 107 0
-374 42 0
-375 112 0
-375 47 0
-376 117 0
-376 52 0
-377 122 0
-377 57 0
-378 127 0
-378 62 0
-379 132 0
-379 67 0
-380 107 0
-380 77 0
-381 112 0
-381 82 0
-382 117 0
-382 87 0
-383 122 0
-383 92 0
-384 127 0
-384 97 0
-385 132 0
-385 102 0
-386 107 0
-386 147 0
-387 112 0
-387 152 0
-388 117 0
-388 157 0
-389 122 0
-389 162 0
-390 127 0
-390 167 0
-391 132 0
-391 172 0
-392 142 0
-392 7 0
-393 147 0
-393 12 0
-394 152 0
-394 17 0
-395 157 0
-395 22 0
-396 162 0
-396 27 0
-397 167 0
-397 32 0
-398 142 0
-398 42 0
-399 147 0
-399 47 0
-400 152 0
-400 52 0
-401 157 0
-401 57 0
-402 162 0
-402 62 0
-403 167 0
-403 67 0
-404 142 0
-404 77 0
-405 147 0
-405 82 0
-406 152 0
-406 87 0
-407 157 0
-407 92 0
-408 162 0
-408 97 0
-409 167 0
-409 102 0
-410 142 0
-410 112 0
-411 147 0
-411 117 0
-412 152 0
-412 122 0
-413 157 0
-413 127 0
-414 162 0
-414 132 0
-415 167 0
-415 137 0
-416 3 0
-416 43 0
-417 8 0
-417 48 0
-418 13 0
-418 53 0
-419 18 0
-419 58 0
-420 23 0
-420 63 0
-421 28 0
-421 68 0
-422 3 0
-422 78 0
-423 8 0
-423 83 0
-424 13 0
-424 88 0
-425 18 0
-425 93 0
-426 23 0
-426 98 0
-427 28 0
-427 103 0
-428 3 0
-428 113 0
-429 8 0
-429 118 0
-430 13 0
-430 123 0
-431 18 0
-431 128 0
-432 23 0
-432 133 0
-433 28 0
-433 138 0
-434 3 0
-434 148 0
-435 8 0
-435 153 0
-436 13 0
-436 158 0
-437 18 0
-437 163 0
-438 23 0
-438 168 0
-439 28 0
-439 173 0
-440 38 0
-440 8 0
-441 43 0
-441 13 0
-442 48 0
-442 18 0
-443 53 0
-443 23 0
-444 58 0
-444 28 0
-445 63 0
-445 33 0
-446 38 0
-446 78 0
-447 43 0
-447 83 0
-448 48 0
-448 88 0
-449 53 0
-449 93 0
-450 58 0
-450 98 0
-451 63 0
-451 103 0
-452 38 0
-452 113 0
-453 43 0
-453 118 0
-454 48 0
-454 123 0
-455 53 0
-455 128 0
-456 58 0
-456 133 0
-457 63 0
-457 138 0
-458 38 0
-458 148 0
-459 43 0
-459 153 0
-460 48 0
-460 158 0
-461 53 0
-461 163 0
-462 58 0
-462 168 0
-463 63 0
-463 173 0
-464 73 0
-464 8 0
-465 78 0
-465 13 0
-466 83 0
-466 18 0
-467 88 0
-467 23 0
-468 93 0
-468 28 0
-469 98 0
-469 33 0
-470 73 0
-470 43 0
-471 78 0
-471 48 0
-472 83 0
-472 53 0
-473 88 0
-473 58 0
-474 93 0
-474 63 0
-475 98 0
-475 68 0
-476 73 0
-476 113 0
-477 78 0
-477 118 0
-478 83 0
-478 123 0
-479 88 0
-479 128 0
-480 93 0
-480 133 0
-481 98 0
-481 138 0
-482 73 0
-482 148 0
-483 78 0
-483 153 0
-484 83 0
-484 158 0
-485 88 0
-485 163 0
-486 93 0
-486 168 0
-487 98 0
-487 173 0
-488 108 0
-488 8 0
-489 113 0
-489 13 0
-490 118 0
-490 18 0
-491 123 0
-491 23 0
-492 128 0
-492 28 0
-493 133 0
-493 33 0
-494 108 0
-494 43 0
-495 113 0
-495 48 0
-496 118 0
-496 53 0
-497 123 0
-497 58 0
-498 128 0
-498 63 0
-499 133 0
-499 68 0
-500 108 0
-500 78 0
-501 113 0
-501 83 0
-502 118 0
-502 88 0
-503 123 0
-503 93 0
-504 128 0
-504 98 0
-505 133 0
-505 103 0
-506 108 0
-506 148 0
-507 113 0
-507 153 0
-508 118 0
-508 158 0
-509 123 0
-509 163 0
-510 128 0
-510 168 0
-511 133 0
-511 173 0
-512 143 0
-512 8 0
-513 148 0
-513 13 0
-514 153 0
-514 18 0
-515 158 0
-515 23 0
-516 163 0
-516 28 0
-517 168 0
-517 33 0
-518 143 0
-518 43 0
-519 148 0
-519 48 0
-520 153 0
-520 53 0
-521 158 0
-521 58 0
-522 163 0
-522 63 0
-523 168 0
-523 68 0
-524 143 0
-524 78 0
-525 148 0
-525 83 0
-526 153 0
-526 88 0
-527 158 0
-527 93 0
-528 163 0
-528 98 0
-529 168 0
-529 103 0
-530 143 0
-530 113 0
-531 148 0
-531 118 0
-532 153 0
-532 123 0
-533 158 0
-533 128 0
-534 163 0
-534 133 0
-535 168 0
-535 138 0
-536 4 0
-536 44 0
-537 9 0
-537 49 0
-538 14 0
-538 54 0
-539 19 0
-539 59 0
-540 24 0
-540 64 0
-541 29 0
-541 69 0
-542 4 0
-542 79 0
-543 9 0
-543 84 0
-544 14 0
-544 89 0
-545 19 0
-545 94 0
-546 24 0
-546 99 0
-547 29 0
-547 104 0
-548 4 0
-548 114 0
-549 9 0
-549 119 0
-550 14 0
-550 124 0
-551 19 0
-551 129 0
-552 24 0
-552 134 0
-553 29 0
-553 139 0
-554 4 0
-554 149 0
-555 9 0
-555 154 0
-556 14 0
-556 159 0
-557 19 0
-557 164 0
-558 24 0
-558 169 0
-559 29 0
-559 174 0
-560 39 0
-560 9 0
-561 44 0
-561 14 0
-562 49 0
-562 19 0
-563 54 0
-563 24 0
-564 59 0
-564 29 0
-565 64 0
-565 34 0
-566 39 0
-566 79 0
-567 44 0
-567 84 0
-568 49 0
-568 89 0
-569 54 0
-569 94 0
-570 59 0
-570 99 0
-571 64 0
-571 104 0
-572 39 0
-572 114 0
-573 44 0
-573 119 0
-574 49 0
-574 124 0
-575 54 0
-575 129 0
-576 59 0
-576 134 0
-577 64 0
-577 139 0
-578 39 0
-578 149 0
-579 44 0
-579 154 0
-580 49 0
-580 159 0
-581 54 0
-581 164 0
-582 59 0
-582 169 0
-583 64 0
-583 174 0
-584 74 0
-584 9 0
-585 79 0
-585 14 0
-586 84 0
-586 19 0
-587 89 0
-587 24 0
-588 94 0
-588 29 0
-589 99 0
-589 34 0
-590 74 0
-590 44 0
-591 79 0
-591 49 0
-592 84 0
-592 54 0
-593 89 0
-593 59 0
-594 94 0
-594 64 0
-595 99 0
-595 69 0
-596 74 0
-596 114 0
-597 79 0
-597 119 0
-598 84 0
-598 124 0
-599 89 0
-599 129 0
-600 94 0
-600 134 0
-601 99 0
-601 139 0
-602 74 0
-602 149 0
-603 79 0
-603 154 0
-604 84 0
-604 159 0
-605 89 0
-605 164 0
-606 94 0
-606 169 0
-607 99 0
-607 174 0
-608 109 0
-608 9 0
-609 114 0
-609 14 0
-610 119 0
-610 19 0
-611 124 0
-611 24 0
-612 129 0
-612 29 0
-613 134 0
-613 34 0
-614 109 0
-614 44 0
-615 114 0
-615 49 0
-616 119 0
-616 54 0
-617 124 0
-617 59 0
-618 129 0
-618 64 0
-619 134 0
-619 69 0
-620 109 0
-620 79 0
-621 114 0
-621 84 0
-622 119 0
-622 89 0
-623 124 0
-623 94 0
-624 129 0
-624 99 0
-625 134 0
-625 104 0
-626 109 0
-626 149 0
-627 114 0
-627 154 0
-628 119 0
-628 159 0
-629 124 0
-629 164 0
-630 129 0
-630 169 0
-631 134 0
-631 174 0
-632 144 0
-632 9 0
-633 149 0
-633 14 0
-634 154 0
-634 19 0
-635 159 0
-635 24 0
-636 164 0
-636 29 0
-637 169 0
-637 34 0
-638 144 0
-638 44 0
-639 149 0
-639 49 0
-640 154 0
-640 54 0
-641 159 0
-641 59 0
-642 164 0
-642 64 0
-643 169 0
-643 69 0
-644 144 0
-644 79 0
-645 149 0
-645 84 0
-646 154 0
-646 89 0
-647 159 0
-647 94 0
-648 164 0
-648 99 0
-649 169 0
-649 104 0
-650 144 0
-650 114 0
-651 149 0
-651 119 0
-652 154 0
-652 124 0
-653 159 0
-653 129 0
-654 164 0
-654 134 0
-655 169 0
-655 139 0
-656 5 0
-656 45 0
-657 10 0
-657 50 0
-658 15 0
-658 55 0
-659 20 0
-659 60 0
-660 25 0
-660 65 0
-661 30 0
-661 70 0
-662 5 0
-662 80 0
-663 10 0
-663 85 0
-664 15 0
-664 90 0
-665 20 0
-665 95 0
-666 25 0
-666 100 0
-667 30 0
-667 105 0
-668 5 0
-668 115 0
-669 10 0
-669 120 0
-670 15 0
-670 125 0
-671 20 0
-671 130 0
-672 25 0
-672 135 0
-673 30 0
-673 140 0
-674 5 0
-674 150 0
-675 10 0
-675 155 0
-676 15 0
-676 160 0
-677 20 0
-677 165 0
-678 25 0
-678 170 0
-679 30 0
-679 175 0
-680 40 0
-680 10 0
-681 45 0
-681 15 0
-682 50 0
-682 20 0
-683 55 0
-683 25 0
-684 60 0
-684 30 0
-685 65 0
-685 35 0
-686 40 0
-686 80 0
-687 45 0
-687 85 0
-688 50 0
-688 90 0
-689 55 0
-689 95 0
-690 60 0
-690 100 0
-691 65 0
-691 105 0
-692 40 0
-692 115 0
-693 45 0
-693 120 0
-694 50 0
-694 125 0
-695 55 0
-695 130 0
-696 60 0
-696 135 0
-697 65 0
-697 140 0
-698 40 0
-698 150 0
-699 45 0
-699 155 0
-700 50 0
-700 160 0
-701 55 0
-701 165 0
-702 60 0
-702 170 0
-703 65 0
-703 175 0
-704 75 0
-704 10 0
-705 80 0
-705 15 0
-706 85 0
-706 20 0
-707 90 0
-707 25 0
-708 95 0
-708 30 0
-709 100 0
-709 35 0
-710 75 0
-710 45 0
-711 80 0
-711 50 0
-712 85 0
-712 55 0
-713 90 0
-713 60 0
-714 95 0
-714 65 0
-715 100 0
-715 70 0
-716 75 0
-716 115 0
-717 80 0
-717 120 0
-718 85 0
-718 125 0
-719 90 0
-719 130 0
-720 95 0
-720 135 0
-721 100 0
-721 140 0
-722 75 0
-722 150 0
-723 80 0
-723 155 0
-724 85 0
-724 160 0
-725 90 0
-725 165 0
-726 95 0
-726 170 0
-727 100 0
-727 175 0
-728 110 0
-728 10 0
-729 115 0
-729 15 0
-730 120 0
-730 20 0
-731 125 0
-731 25 0
-732 130 0
-732 30 0
-733 135 0
-733 35 0
-734 110 0
-734 45 0
-735 115 0
-735 50 0
-736 120 0
-736 55 0
-737 125 0
-737 60 0
-738 130 0
-738 65 0
-739 135 0
-739 70 0
-740 110 0
-740 80 0
-741 115 0
-741 85 0
-742 120 0
-742 90 0
-743 125 0
-743 95 0
-744 130 0
-744 100 0
-745 135 0
-745 105 0
-746 110 0
-746 150 0
-747 115 0
-747 155 0
-748 120 0
-748 160 0
-749 125 0
-749 165 0
-750 130 0
-750 170 0
-751 135 0
-751 175 0
-752 145 0
-752 10 0
-753 150 0
-753 15 0
-754 155 0
-754 20 0
-755 160 0
-755 25 0
-756 165 0
-756 30 0
-757 170 0
-757 35 0
-758 145 0
-758 45 0
-759 150 0
-759 50 0
-760 155 0
-760 55 0
-761 160 0
-761 60 0
-762 165 0
-762 65 0
-763 170 0
-763 70 0
-764 145 0
-764 80 0
-765 150 0
-765 85 0
-766 155 0
-766 90 0
-767 160 0
-767 95 0
-768 165 0
-768 100 0
-769 170 0
-769 105 0
-770 145 0
-770 115 0
-771 150 0
-771 120 0
-772 155 0
-772 125 0
-773 160 0
-773 130 0
-774 165 0
-774 135 0
-775 170 0
-775 140 0
176 296 416 536 656 177 297 417 537 657 178 298 418 538 658 179 299 419 539 659 180 300 420 540 660 181 301 421 541 661 0
182 302 422 542 662 183 303 423 543 663 184 304 424 544 664 185 305 425 545 665 186 306 426 546 666 187 307 427 547 667 0
188 308 428 548 668 189 309 429 549 669 190 310 430 550 670 191 311 431 551 671 192 312 432 552 672 193 313 433 553 673 0
194 314 434 554 674 195 315 435 555 675 196 316 436 556 676 197 317 437 557 677 198 318 438 558 678 199 319 439 559 679 0
200 320 440 560 680 201 321 441 561 681 202 322 442 562 682 203 323 443 563 683 204 324 444 564 684 205 325 445 565 685 0
206 326 446 566 686 207 327 447 567 687 208 328 448 568 688 209 329 449 569 689 210 330 450 570 690 211 331 451 571 691 0
212 332 452 572 692 213 333 453 573 693 214 334 454 574 694 215 335 455 575 695 216 336 456 576 696 217 337 457 577 697 0
218 338 458 578 698 219 339 459 579 699 220 340 460 580 700 221 341 461 581 701 222 342 462 582 702 223 343 463 583 703 0
224 344 464 584 704 225 345 465 585 705 226 346 466 586 706 227 347 467 587 707 228 348 468 588 708 229 349 469 589 709 0
230 350 470 590 710 231 351 471 591 711 232 352 472 592 712 233 353 473 593 713 234 354 474 594 714 235 355 475 595 715 0
236 356 476 596 716 237 357 477 597 717 238 358 478 598 718 239 359 479 599 719 240 360 480 600 720 241 361 481 601 721 0
242 362 482 602 722 243 363 483 603 723 244 364 484 604 724 245 365 485 605 725 246 366 486 606 726 247 367 487 607 727 0
248 368 488 608 728 249 369 489 609 729 250 370 490 610 730 251 371 491 611 731 252 372 492 612 732 253 373 493 613 733 0
254 374 494 614 734 255 375 495 615 735 256 376 496 616 736 257 377 497 617 737 258 378 498 618 738 259 379 499 619 739 0
260 380 500 620 740 261 381 501 621 741 262 382 502 622 742 263 383 503 623 743 264 384 504 624 744 265 385 505 625 745 0
266 386 506 626 746 267 387 507 627 747 268 388 508 628 748 269 389 509 629 749 270 390 510 630 750 271 391 511 631 751 0
272 392 512 632 752 273 393 513 633 753 274 394 514 634 754 275 395 515 635 755 276 396 516 636 756 277 397 517 637 757 0
278 398 518 638 758 279 399 519 639 759 280 400 520 640 760 281 401 521 641 761 282 402 522 642 762 283 403 523 643 763 0
284 404 524 644 764 285 405 525 645 765 286 406 526 646 766 287 407 527 647 767 288 408 528 648 768 289 409 529 649 769 0
290 410 530 650 770 291 411 531 651 771 292 412 532 652 772 293 413 533 653 773 294 414 534 654 774 295 415 535 655 775 0
-1 -41 -11 0
-6 -46 -16 0
-11 -51 -21 0
-16 -56 -26 0
-21 -61 -31 0
-1 -41 -116 0
-6 -46 -121 0
-11 -51 -126 0
-16 -56 -131 0
-21 -61 -136 0
-1 -111 -46 0
-6 -116 -51 0
-11 -121 -56 0
-16 -126 -61 0
-21 -131 -66 0
-1 -111 -81 0
-6 -116 -86 0
-11 -121 -91 0
-16 -126 -96 0
-21 -131 -101 0
-36 -6 -46 0
-41 -11 -51 0
-46 -16 -56 0
-51 -21 -61 0
-56 -26 -66 0
-36 -6 -116 0
-41 -11 -121 0
-46 -16 -126 0
-51 -21 -131 0
-56 -26 -136 0
-36 -111 -11 0
-41 -116 -16 0
-46 -121 -21 0
-51 -126 -26 0
-56 -131 -31 0
-36 -111 -46 0
-41 -116 -51 0
-46 -121 -56 0
-51 -126 -61 0
-56 -131 -66 0
-36 -111 -81 0
-41 -116 -86 0
-46 -121 -91 0
-51 -126 -96 0
-56 -131 -101 0
-71 -111 -11 0
-76 -116 -16 0
-81 -121 -21 0
-86 -126 -26 0
-91 -131 -31 0
-71 -111 -46 0
-76 -116 -51 0
-81 -121 -56 0
-86 -126 -61 0
-91 -131 -66 0
-71 -111 -81 0
-76 -116 -86 0
-81 -121 -91 0
-86 -126 -96 0
-91 -131 -101 0
-106 -6 -46 0
-111 -11 -51 0
-116 -16 -56 0
-121 -21 -61 0
-126 -26 -66 0
-106 -41 -11 0
-111 -46 -16 0
-116 -51 -21 0
-121 -56 -26 0
-126 -61 -31 0
-106 -41 -116 0
-111 -46 -121 0
-116 -51 -126 0
-121 -56 -131 0
-126 -61 -136 0
-106 -76 -116 0
-111 -81 -121 0
-116 -86 -126 0
-121 -91 -131 0
-126 -96 -136 0
-2 -42 -12 0
-7 -47 -17 0
-12 -52 -22 0
-17 -57 -27 0
-22 -62 -32 0
-2 -42 -117 0
-7 -47 -122 0
-12 -52 -127 0
-17 -57 -132 0
-22 -62 -137 0
-2 -112 -47 0
-7 -117 -52 0
-12 -122 -57 0
-17 -127 -62 0
-22 -132 -67 0
-2 -112 -82 0
-7 -117 -87 0
-12 -122 -92 0
-17 -127 -97 0
-22 -132 -102 0
-37 -7 -47 0
-42 -12 -52 0
-47 -17 -57 0
-52 -22 -62 0
-57 -27 -67 0
-37 -7 -117 0
-42 -12 -122 0
-47 -17 -127 0
-52 -22 -132 0
-57 -27 -137 0
-37 -112 -12 0
-42 -117 -17 0
-47 -122 -22 0
-52 -127 -27 0
-57 -132 -32 0
-37 -112 -47 0
-42 -117 -52 0
-47 -122 -57 0
-52 -127 -62 0
-57 -132 -67 0
-37 -112 -82 0
-42 -117 -87 0
-47 -122 -92 0
-52 -127 -97 0
-57 -132 -102 0
-72 -112 -12 0
-77 -117 -17 0
-82 -122 -22 0
-87 -127 -27 0
-92 -132 -32 0
-72 -112 -47 0
-77 -117 -52 0
-82 -122 -57 0
-87 -127 -62 0
-92 -132 -67 0
-72 -112 -82 0
-77 -117 -87 0
-82 -122 -92 0
-87 -127 -97 0
-92 -132 -102 0
-107 -7 -47 0
-112 -12 -52 0
-117 -17 -57 0
-122 -22 -62 0
-127 -27 -67 0
-107 -42 -12 0
-112 -47 -17 0
-117 -52 -22 0
-122 -57 -27 0
-127 -62 -32 0
-107 -42 -117 0
-112 -47 -122 0
-117 -52 -127 0
-122 -57 -132 0
-127 -62 -137 0
-107 -77 -117 0
-112 -82 -122 0
-117 -87 -127 0
-122 -92 -132 0
-127 -97 -137 0
-3 -43 -13 0
-8 -48 -18 0
-13 -53 -23 0
-18 -58 -28 0
-23 -63 -33 0
-3 -43 -118 0
-8 -48 -123 0
-13 -53 -128 0
-18 -58 -133 0
-23 -63 -138 0
-3 -113 -48 0
-8 -118 -53 0
-13 -123 -58 0
-18 -128 -63 0
-23 -133 -68 0
-3 -113 -83 0
-8 -118 -88 0
-13 -123 -93 0
-18 -128 -98 0
-23 -133 -103 0
-38 -8 -48 0
-43 -13 -53 0
-48 -18 -58 0
-53 -23 -63 0
-58 -28 -68 0
-38 -8 -118 0
-43 -13 -123 0
-48 -18 -128 0
-53 -23 -133 0
-58 -28 -138 0
-38 -113 -13 0
-43 -118 -18 0
-48 -123 -23 0
-53 -128 -28 0
-58 -133 -33 0
-38 -113 -48 0
-43 -118 -53 0
-48 -123 -58 0
-53 -128 -63 0
-58 -133 -68 0
-38 -113 -83 0
-43 -118 -88 0
-48 -123 -93 0
-53 -128 -98 0
-58 -133 -103 0
-73 -113 -13 0
-78 -118 -18 0
-83 -123 -23 0
-88 -128 -28 0
-93 -133 -33 0
-73 -113 -48 0
-78 -118 -53 0
-83 -123 -58 0
-88 -128 -63 0
-93 -133 -68 0
-73 -113 -83 0
-78 -118 -88 0
-83 -123 -93 0
-88 -128 -98 0
-93 -133 -103 0
-108 -8 -48 0
-113 -13 -53 0
-118 -18 -58 0
-123 -23 -63 0
-128 -28 -68 0
-108 -43 -13 0
-113 -48 -18 0
-118 -53 -23 0
-123 -58 -28 0
-128 -63 -33 0
-108 -43 -118 0
-113 -48 -123 0
-118 -53 -128 0
-123 -58 -133 0
-128 -63 -138 0
-108 -78 -118 0
-113 -83 -123 0
-118 -88 -128 0
-123 -93 -133 0
-128 -98 -138 0
-4 -44 -14 0
-9 -49 -19 0
-14 -54 -24 0
-19 -59 -29 0
-24 -64 -34 0
-4 -44 -119 0
-9 -49 -124 0
-14 -54 -129 0
-19 -59 -134 0
-24 -64 -139 0
-4 -114 -49 0
-9 -119 -54 0
-14 -124 -59 0
-19 -129 -64 0
-24 -134 -69 0
-4 -114 -84 0
-9 -119 -89 0
-14 -124 -94 0
-19 -129 -99 0
-24 -134 -104 0
-39 -9 -49 0
-44 -14 -54 0
-49 -19 -59 0
-54 -24 -64 0
-59 -29 -69 0
-39 -9 -119 0
-44 -14 -124 0
-49 -19 -129 0
-54 -24 -134 0
-59 -29 -139 0
-39 -114 -14 0
-44 -119 -19 0
-49 -124 -24 0
-54 -129 -29 0
-59 -134 -34 0
-39 -114 -49 0
-44 -119 -54 0
-49 -124 -59 0
-54 -129 -64 0
-59 -134 -69 0
-39 -114 -84 0
-44 -119 -89 0
-49 -124 -94 0
-54 -129 -99 0
-59 -134 -104 0
-74 -114 -14 0
-79 -119 -19 0
-84 -124 -24 0
-89 -129 -29 0
-94 -134 -34 0
-74 -114 -49 0
-79 -119 -54 0
-84 -124 -59 0
-89 -129 -64 0
-94 -134 -69 0
-74 -114 -84 0
-79 -119 -89 0
-84 -124 -94 0
-89 -129 -99 0
-94 -134 -104 0
-109 -9 -49 0
-114 -14 -54 0
-119 -19 -59 0
-124 -24 -64 0
-129 -29 -69 0
-109 -44 -14 0
-114 -49 -19 0
-119 -54 -24 0
-124 -59 -29 0
-129 -64 -34 0
-109 -44 -119 0
-114 -49 -124 0
-119 -54 -129 0
-124 -59 -134 0
-129 -64 -139 0
-109 -79 -119 0
-114 -84 -124 0
-119 -89 -129 0
-124 -94 -134 0
-129 -99 -139 0
-5 -45 -15 0
-10 -50 -20 0
-15 -55 -25 0
-20 -60 -30 0
-25 -65 -35 0
-5 -45 -120 0
-10 -50 -125 0
-15 -55 -130 0
-20 -60 -135 0
-25 -65 -140 0
-5 -115 -50 0
-10 -120 -55 0
-15 -125 -60 0
-20 -130 -65 0
-25 -135 -70 0
-5 -115 -85 0
-10 -120 -90 0
-15 -125 -95 0
-20 -130 -100 0
-25 -135 -105 0
-40 -10 -50 0
-45 -15 -55 0
-50 -20 -60 0
-55 -25 -65 0
-60 -30 -70 0
-40 -10 -120 0
-45 -15 -125 0
-50 -20 -130 0
-55 -25 -135 0
-60 -30 -140 0
-40 -115 -15 0
-45 -120 -20 0
-50 -125 -25 0
-55 -130 -30 0
-60 -135 -35 0
-40 -115 -50 0
-45 -120 -55 0
-50 -125 -60 0
-55 -130 -65 0
-60 -135 -70 0
-40 -115 -85 0
-45 -120 -90 0
-50 -125 -95 0
-55 -130 -100 0
-60 -135 -105 0
-75 -115 -15 0
-80 -120 -20 0
-85 -125 -25 0
-90 -130 -30 0
-95 -135 -35 0
-75 -115 -50 0
-80 -120 -55 0
-85 -125 -60 0
-90 -130 -65 0
-95 -135 -70 0
-75 -115 -85 0
-80 -120 -90 0
-85 -125 -95 0
-90 -130 -100 0
-95 -135 -105 0
-110 -10 -50 0
-115 -15 -55 0
-120 -20 -60 0
-125 -25 -65 0
-130 -30 -70 0
-110 -45 -15 0
-115 -50 -20 0
-120 -55 -25 0
-125 -60 -30 0
-130 -65 -35 0
-110 -45 -120 0
-115 -50 -125 0
-120 -55 -130 0
-125 -60 -135 0
-130 -65 -140 0
-110 -80 -120 0
-115 -85 -125 0
-120 -90 -130 0
-125 -95 -135 0
-130 -100 -140 0
